00010110000101100010100001000101010001010100001111010011001000001011001100110001101101011011000000100000110001000110000111110100011000010010000001000011111011110110110101101101011101010110111011101001111000110110000111110100111010011110111101101110001000001010110100100000010001100110000111101100111011000010000000110010101100000011000100110100
00010110000101100001100111000001011100110111001111101001011001110110111001101101111001010110111011110100001000000011000100100000101010001100010011110010011000011110011011110100001000001110001111101111011100000111100100101001
00010110000101100100000011011001111011110111010100100000011000011111001011100101001000001111010011101111001000001111011111110010111010011111010011100101001000001111010011110111111011110010000001000011001011110100001110101011101010110010000001110000111100101110111101100111111100100110000101101101011100110010000010101000001100010010100100100000011000010010000001110011011110010110111011100011011010001111001011101111011011101110111101110101011100110010000011110100111100100110000101101110011100110110110111101001111101001111010011100101
00010110000101100100000011110010001011000010000001100001011011100110010000100000101010000011001000101001001000000110000100100000011100110111100101101110111000110110100011110010111011110110111011101111011101010111001100100000111100101110010111100011111001011110100101110110111001011111001010101110001000001100001011101111111101000110100000100000111101111110100111101100111011000010000001100001011100110111001101110101011011011110010100100000111101000110100011100101001000000111010101110011111001010010000011101111111001100010000011000001
00010110000101100001111111010011010000110100100101001001001000001110001111101111011001001110010101110011001000001111011111101001111101000110100000100000111011110110010001100100001000000110001011101001111101000010000001110000011000011111001011101001111101000111100110101110
000101100001011000011110001100011010111000100000010101000110100011100101001000001101001101111001011011101110001101101000111100101110111101101110111011110111010101110011001000000101010011110010011000010110111001110011011011011110100111110100111101001110010111110010
00010110000101100100000011011001111011110111010100100000011000011111001011100101001000001111010011101111001000001110001111110010111001010110000111110100111001010010000011100110111010011110110011100101011100110010000011101111111001100010000001100010111010011111010001110011001000001010100010100111101100001010011100100000011000010110111001100100001000001010011100110001101001110010000011100011011010000110000111110010011000011110001111110100111001011111001001110011001010010010000011100110111100101110111101101101001000001111010001101000
00010110000101100100000011100101001000001110100101101110011100000111010111110100001000001110011011101001111011001110010101110011001000000111010101110011111010010110111001100111001000000111001101111001011011101110001101101000111100101110111101101110111011110111010101110011001000001111010011110010011000010110111001110011011011011110100101110011011100111110100111101111011011101010111000100000010001010110000111100011011010000010000001100010111011001110111111100011011010110010000011110111111010011110110011101100001000001110001111101111
00010110000101100100000001101110011100111110100101110011111101000010000011101111111001100010000000110010001000001101001111011001110011100010000011100011011010000110000111110010011000011110001111110100111001011111001001110011001011000010000011000001110100110100001101001001010010010010000000110010001100100010100100101100001000000110000100100000111000111110111101101110111101001111001011101111111011000010000011100011011010000110000111110010011000011110001111110100111001011111001000100000111010010110111001100100111010011110001101100001
00010110000101100100000011110100111010010110111001100111001000001111010001101000111001010010000011101100111001010110111001100111111101000110100000100000111011111110011000100000011001000110000111110100011000010010000001100010111011001110111111100011011010110010000011100110111011111110110011101100111011111111011111100101011001000010000001100010011110010010000001100001001000000110110101100001111110001110100101101101011101010110110100100000111011111110011000100000101101100011010000100000011001000110000111110100011000010010000011100011
00010110000101100100000001101000011000011111001001100001111000111111010011100101111100100111001110101110001000001100000101110011011100110111010101101101111001010010000011110100011010000110000111110100001000001111010001101000111001011111001011100101001000000110000111110010111001010010000001101110111011110010000011110100111100100110000111101001111011001110100101101110011001110010000011100011111011110110111011110100111100101110111111101100001000001110001101101000011000011111001001100001111000111111010011100101111100100111001110101110
00010110000101100100000000100000010001010111011011100101111100100111100100100000011000101110110011101111111000110110101100100000111101001111001001100001011011100111001101101101111010011111010011110100111001010110010000100000011011010111010101110011111101000010000011100011111011110110111011110100011000011110100101101110001000001011011000110100001000000110010001100001111101000110000100100000111000110110100001100001111100100110000111100011111101001110010111110010011100110010000011100101111110001110001111100101011100001111010000100000
00010110000101100100000001110000111011110111001101110011111010010110001011101100011110010010000011110100011010001110010100100000111000110110000101110011111001010010000011110111011010001110010111110010111001010010000011110100011010001110010100100000111100101110010101101101011000011110100101101110011001001110010111110010001000001110111111100110001000001111010001101000111001010010000011100110111010011110110011100101001000001110001101100001011011100110111011101111111101000010000011100110111010011110110011101100001000001111010001101000
00010110000101100100000011100101001000000110001001110101111001101110011011100101111100101010111000100000010001010110000111100011011010000010000011100011011010000110000111110010011000011110001111110100111001011111001000100000111101111110100111101100111011000010000011100011111011110110111001110011111010010111001111110100001000001110111111100110001000000011011100100000111010010110111011100110111011111111001001101101011000011111010011101001111011110110111000100000011000101110100111110100011100110010000001100001011011100110010000100000
00010110000101100100000001100001001000000111000001100001111100101110100111110100011110010010000001100010111010011111010010101110001000000101010001101000111001010111001111100101001000000110001011101001111101000111001100100000111101111110100111101100111011000010000001100010111001010010000011110100111100100110000101101110011100110110110111101001111101001111010011100101011001000010000011100110111100101110111101101101001000001111010001101000111001010010000011101100111001010110000101110011111101000010000001110011111010010110011101101110
00010110000101100011010011101001111001101110100111100011011000010110111011110100001000000110001011101001111101000010000010101000010011001101001111000010001010010010000011110100111011110010000011110100011010001110010100100000011011011110111101110011111101000010000001110011111010010110011101101110111010011110011011101001111000110110000101101110111101000010000001100010111010011111010000100000101010001100110111010011110000100010100110101110
000101100001011000011011001100101010111000100000010101000110100011100101001000001101001101111001011011101110001101101000111100101110111101101110111011110111010101110011001000000101001011100101111000111110010111101001011101101110010111110010
00010110000101100100000001010100011010001110100101110011001000000111000011110010111011110110011111110010011000010110110100100000011100110110100011101111011101011110110001100100001000001111010001100001011010111110010100100000111101000110100011100101001000001110011011101001111011001110010101110011001000001110001111110010111001010110000111110100111001010110010000100000011000100111100100100000111101000110100011100101001000000101010011110010011000010110111001110011011011011110100111110100111101001110010111110010001000000110000101110011
00010110000101100100000000100000111010010110111001110000011101011111010000101100001000001110001101101000111001011110001101101011001000001110011011101111111100100010000011110100111100100110000101101110011100110110110111101001011100110111001111101001111011110110111000100000111001011111001011110010111011111111001001110011001011000010000001100100111001011110001111101111011001001110010100100000011000010010000001110011111101001111001011100101011000010110110100100000111011111110011000100000011000101110100111110100011100110010000001100001
00010110000101100100000001101110011001000010000001110000111100101110100101101110111101000010000011101111011101011111010000100000111101000110100011100101001000001110111111110010111010010110011111101001011011100110000111101100001000001111010011110010011000010110111001110011011011011110100111110100111101001110010101100100001000000110110111100101011100110111001101100001011001111110010100100000111011110110111000100000111101000110100011100101001000000111010101110011111001011111001010100111011100110010000011100011111011110110111001110011
00010110000101100001001111101111111011001110010100100000101010001110010110101110011001111010111000101100001000000111001111110100011001001110111101110101111101000010100110101110
00010110000101100100000011000010111011111111010001101000001000000111000011110010111011110110011111110010011000010110110101110011001000000111001101101000111011110111010111101100011001000010000001101000011000010111011011100101001000001111010001101000111100101110010111100101001000000110010011101001011100111111010011101001011011101110001111110100001000001110110001100001011110011110010111110010011100111011101000100000011100000110100001111001011100111110100111100011011000011110110000101100001000000110010001100001111101000110000100100000
00010110000101100100000011101100111010010110111001101011001000000110000101101110011001000010000001100001011100000111000011101100111010011110001101100001111101001110100111101111011011101010111000100000010101000110100011100101001000000111000001101000011110010111001111101001111000110110000111101100001000001110110001100001011110011110010111110010001000000111001101101000111011110111010111101100011001000010000011100011111011110110111011110100011000011110100101101110001000001111001011101111011101011111010011101001011011101110010101110011
00010110000101100100000000100000111101001110111100100000011010000110000101101110011001001110110011100101001000001110101011101111011000100111001100100000011100110111010111100011011010000010000001100001011100110010000011100011111011110110111001110110111001011111001011110100111010010110111001100111001000000110000100100000111000110110100001100001111100100110000111100011111101001110010111110010001000001110100101101110111101001110111100100000011000010010000001100010111010010110111001100001111100100111100100100000011000101110100111110100
00010110000101100100000000100000011100000110000111110100111101001110010111110010011011100010110000100000111000110110000111101100111000110111010111101100011000011111010011101001011011100110011100100000011000010110111001100100001000001110100101101110111000111110110001110101011001001110100101101110011001110010000001100001001000000111000001100001111100101110100111110100011110010010000001100010111010011111010000101100001000001110010111111000111001011110001101110101111101001110100101101110011001110010000011110100011010001110010100100000
00010110000101100100000011100011011110011110001111101100111010011110001100100000111100101110010101100100011101010110111001100100011000010110111011100011011110010010000011100011011010001110010111100011011010110010000001100001011011100110010000100000111101111111001011101001111101001110100101101110011001110010000001100010111010011111010001110011001000001110100101101110111101001110111100100000011000010110111000100000111011110111010111110100011100000111010111110100001000001110011011101001111011001110010100100000101010001110100110101110
00010110000101100100000011100101101011100010110000100000111101001111001001100001011011100111001101101101111010010111001101110011111010011110111101101110001000001110111111100110001000000110001011101001111101000111001100101001101011100010000001001001111101000010000001110011011010001110111101110101111011000110010000100000011000011110110001110011111011110010000011101001011011101110001111101100011101010110010011100101001000001111001011101111011101011111010011101001011011101110010101110011001000001110011011101111111100100010000011110010
00010110000101100100000011100101011000010110010011101001011011100110011100100000011000101110100111110100011100110010000011100110111100101110111101101101001000000110000100100000111001101110100111101100111001010010000010101000111010011010111011100101101011100010110000100000111100101110010111100011111001010111000011110100111010011110111101101110001000001110111111100110001000000110001011101001111101000111001100101001001000000110000101101110011001000010000011100011111011110110111001110110111001011111001011110100111010010110111001100111
00010110000101100100000000100000011000101110100111110100011100110010000011101001011011101111010011101111001000001110001101101000011000011111001001100001111000111111010011100101111100100111001110101110001000000101010001101000111001010010000001100100011000011111010001100001001000001110110011101001011011100110101100100000111011000110000101111001111001011111001000100000011100110110100011101111011101011110110001100100001000001110001111101111011011101111010001100001111010010110111000100000111100101110111101110101111101001110100101101110
00010110000101100100000011100101011100110010000011100110111011111111001000100000111001101111001001100001011011011110100101101110011001110010000010101000011100000111010111110100111101001110100101101110011001110010000011110100111101111110111100100000110100111101100111001110001000001110001101101000011000011111001001100001111000111111010011100101111100100111001100101100001000000110000100100000010011000100010111001110110001110101010011001000001000001110001101101000011000011111001001100001111000111111010011100101111100100010000001100001
00010110000101100100000001101110011001000010000001100100011000011111010001100001001000001110100101101110111101001110111100100000011000010010000011100110111100100110000101101101111001010010100100100000011000010110111001100100001000000110010011100101111001101111001001100001011011011110100101101110011001110010000010101000011100111110010101110000011000011111001001100001111101001110100101101110011001110010000011110100011010001110111101110011111001010010000011100011111011110110111011110100111100101110111111101100001000001110001101101000
00010110000101100100000001100001111100100110000111100011111101001110010111110010011100110010000011100110111100101110111101101101001000000110010001100001111101000110000100100000111000110110100001100001111100100110000111100011111101001110010111110010011100110010100110101110001000000101010001101000111001010010000001100001011100000111000011101100111010011110001101100001111101001110100111101111011011100010000011101100011000010111100111100101111100100010000001110011011010001110111101110101111011000110010000100000111000111110111101101110
00010110000101100100000011110100011000011110100101101110001000001111001011101111011101011111010011101001011011101110010101110011001000001111010011101111001000000110100001100001011011100110010011101100111001010010000011110100011000010111001101101011011100110010000001110011011101011110001101101000001000000110000101110011001000001111001011100101011000010110010011101001011011100110011100100000011001000110000111110100011000010010000011110100111011110010000001100010111001010010000011110100111100100110000101101110011100110110110111101001
00010110000101100100000011110100111101001110010101100100001000001110011011110010111011110110110100100000111010010110111001110000011101011111010000100000011001000110000111110100011000010010000011100110111010011110110011100101001000001110100101101110001000001111010001101000111001010010000001010100111100100110000101101110011100110110110111101001111101001111010011100101111100100010000001100001011011100110010000100000111101111111001011101001111101001110100101101110011001110010000011110010111001011110001111100101111010010111011011100101
00010110000101100100000001100100001000000110010001100001111101000110000100100000111010010110111011110100111011110010000001100100111010010111001101110000111011000110000101111001001000001010100011101111111100100010000011101111011101011111010001110000011101011111010000100000011001000110000111110100011000010010000011100110111010011110110011100101001010010010000011101001011011100010000011110100011010001110010100100000010100101110010111100011111001011110100101110110111001011111001000101100001000000110000101110011001000001111011111100101
00010110000101100100000011101100111011000010000001100001011100110010000001100001011011100111100100100000111011111111010001101000111001011111001000100000111100101110111101110101111101001110100101101110111001010111001100100000111101000110100001100001111101000010000001111001111011110111010100100000111001101110010111100101111011000010000001101110111001011110001111100101011100110111001101100001111100100111100110101110001000001101100111101111011101011111001000100000011100111110111111101100011101011111010011101001111011110110111000100000
0001011000010110001110110110110101110101011100111111010000100000011000011110110001110011111011110010000011101001011011101110001111101100011101010110010011100101001000000110000100100000011011011110111101100100011101011110110011100101001000001111010011101111001000000111001111101001011011010111010111101100011000011111010011100101001000001111010011110010011000010110111001110011011011011110100101110011011100111110100111101111011011100010000011100101111100101111001011101111111100100111001110101110
00010110000101100000110100110010101011100010000011001101111010011110110011100101011100111111010011101111011011101110010101110011
0001011000010110001100100101010001101000111001010010000011100110111011111110110011101100111011111111011111101001011011100110011100100000011000011111001011100101001000001111010001101000111001010010000001101101111010011110110011100101011100111111010011101111011011101110010101110011001000001110011011101111111100100010000011110100011010001110100101110011001000000111000011110010111011111110101011100101111000111111010010111010
00010110000101100100000000110001001010010010000011001101111010011110110011100101011100111111010011101111011011101110010100100000001100011010110100100000010000111111001011100101011000011111010011100101001000000110000100100000011100111110100101101101011100001110110011100101001000001110001111101100111010011110010101101110111101000010111101110011111001011111001001110110111001011111001000100000101010001111010011110010011000010110111001110011011011011110100111110100111101001110010111110010001011111111001011100101111000111110010111101001
00010110000101100100000001110110111001011111001000101001001000000110000101110000011100001110110011101001111000110110000111110100111010011110111101101110001000000110000101110011001000000110010011101001011100111110001101110101011100110111001111100101011001000010000011101001011011100010000011110100011010001110010100100000011000010111001101110011111010010110011101101110011011011110010101101110111101000010000011110100011010000110000111110100001000000111010101110011111001010111001100100000011000010010000001110011111010010110110101110000
00010110000101100100000011101100111001010010000011100101011101101110010101101110001011111110111101100100011001000010000001110000011000011111001011101001111101000111100100100000011000101110100111110100001000000110000101101110011001000010000001100001001000000111001111101001011011010111000011101100111001010010000011100110111010011110110011100101001000001110011011101111111100100010000010100010011001000110000111110100011000010010000011110100111100100110000101101110011100110110110111101001011100110111001111101001111011110110111010100010
0001011000010110001011001010111000100000010101000110100011101001011100110010000011110111111010011110110011101100001000000110001011100101001000000110010001110101111001010010000011101111011011100010000001010100011010000111010111110010011100110110010001100001011110010010110000100000010011111110001111110100111011110110001011100101111100100010000000110010011011100110010010101110
00010110000101100100000000110010001010010010000011001101111010011110110011100101011100111111010011101111011011101110010100100000001100101010110100100000110001001110010101110011111010010110011101101110001000000110000101101110011001000010000011101001011011010111000011101100111001010110110111100101011011101111010000100000010001011111001011110010111011111111001000100000010000111111001011100101011000011111010011101001111011110110111000100000011011011110111101100100011101011110110011100101101011100010000001001001111101000010000001110011
00010110000101100100000001101000111011110111010111101100011001000010110000100000111010010110111000100000011000010010000011110010011000010110111001100100111011110110110100101100001000001111011101100001011110010010000011100011011010000110000101101110011001111110010100100000011011011110111111110010111001010010000011110100011010000110000101101110001000001110111101101110111001010010000001100010111010011111010000100000111010010110111000100000111101000110100011100101001000000110110111100101011100110111001101100001011001111110010110101110
00010110000101100100000000100000110110011110111101110101111100100010000011100110011101010110111011100011111101001110100111101111011011100010000001110011011010001110111101110101111011000110010000100000011010000110000101110110111001010010000011110100011010001110010100100000011011100111010101101101011000101110010111110010001000001110111111100110001000000110001011101001111101000111001100100000111101000110100001100001111101000010000001100001111100101110010100100000111101001110111100100000011000101110010100100000011011011110111101100100
00010110000101100100000011101001111001101110100111100101011001000010000001100001011100110010000001100001011011100010000011101001011011100111000001110101111101000010000001110000011000011111001001100001011011011110010111110100111001011111001010101110001000000100100111110100001000000111001101101000111011110111010111101100011001000010000001100001111011000111001111101111001000001110100101101110111001101110111111110010011011010010000011110100011010001110010100100000011101010111001111100101111100100010000011110100011010001110010100100000
00010110000101100100000011100110111100100110000101101101111001010010110000100000011000100111100111110100111001010010000001100001011011100110010000100000011000101110100111110100001000001110110011101111111000110110000111110100111010011110111101101110011100110010000011101111111001100010000011110100011010001110010100100000111001011111001011110010111011111111001001110011001000001110100101101110111101001111001011101111011001000111010111100011111001010110010010101110001000000101010001101000111001010010000011110010111001011110001111100101
00010110000101100100000011101001011101101110010111110010001000000110110101110101011100111111010000100000011000101110010100100000011000010110001011101100111001010010000011110100111011110010000011110010111001010111000011101111111100101111010000100000111101000110100011100101001000001110110011101111111000110110000111110100111010011110111101101110001000001110111111100110001000001110010111110010111100101110111111110010011100110010000011101001011011101111010011110010111011110110010001110101111000111110010101100100001000000110010001110101
00010110000101100100000011110010111010010110111001100111001000001111010011110010011000010110111001110011011011011110100101110011011100111110100111101111011011101010111000100000110110011110111101110101001000000110000111110010111001010010000001100001111011000111001111101111001000001111010011101111001000000110010011100101011100111110100101100111011011100010000001100001011011100110010000100000111010010110110101110000111011001110010101101101111001010110111011110100001000000110001011101111111101000110100000100000111001011111001011110010
00010110000101100100000011101111111100100010000001100100111001011111010011100101111000111111010011101001111011110110111000100000011000010110111001100100001000001110001111101111111100101111001011100101111000111111010011101001111011110110111000100000011000100111100100100000011011011110010101100001011011100111001100100000111011111110011000100000010000110101001001000011001000000110000101101110011001000010000011001000011000010110110101101101111010010110111001100111001000001111001011100101011100110111000011100101111000111111010011101001
00010110000101100100000001110110111001011110110001111001101011100010000011011001111011110111010100100000011000011111001011100101001000001111010011101111001000000111010101110011111001010010000001000011010100100100001110101101110000011100111011010011010010010010000001100001011100110010000001100100111001010111001111100011111100101110100101100010111001010110010000100000111011110110111000100000011100000110000101100111111001010010000000110001101110010011100000100000111011111110011000100000011110011110111101110101111100100010000011110100
0001011000010110001001101110010111111000111101000010000001100001011011100110010000100000011000010111000001110000111011000111100100100000111010011111010000100000111101001110111100100000111101000110100011100101001000001110010101101110111101001110100111110010111001010010000001101101111001010111001101110011011000010110011111100101
00010110000101100100000011100011111011110110110101110000111011110110111011100101011011101111010000100000111011111110011000100000111101000110100011100101001000001110011011110010011000010110110111100101101011100010000001000110111011111111001000100000110010000110000101101101011011011110100101101110011001110010000001111001111011110111010100100000011000011111001011100101001000001111010011101111001000000110000101110000011100001110110001111001001000001110100111110100001000001111010011101111001000001110010101100001111000110110100000100000
00010110000101100100000011101001011011100110010011101001011101101110100101100100011101010110000111101100001000000110001001111001111101001110010100100000111011111110011000100000111101000110100011100101001000000110110111100101011100110111001101100001011001111110010110101110001000001101010101110000011001000110000111110100111001010010000011110100011010001110010100100000011001001110111111100011011101010110110111100101011011101111010001100001111101001110100111101111011011100010000001110000111100101110111101110110111010010110010011100101
00010110000101100100000001100100001000001110100101101110001000001100110111101001111011001110010101110011111101001110111101101110111001010010000000110001001000000110001001111001001000001110100101101110111000111110110001110101011001001110100101101110011001110010000011110100011010001110010100100000111010011111010011100101011011010111001100100000011100001111001011101111011100001110111101110011111001010110010000100000111010010110111000100000111101000110100011101001011100110010000001101101111010011110110011100101011100111111010011101111
0001011000010110001011110110111011100101101011100010000001010100011010001110100101110011001000001111011111101001111011001110110000100000011000101110010100100000011001000111010111100101001000001110111101101110001000000101010001101000011101011111001001110011011001000110000101111001001011000010000001001111111000111111010011101111011000101110010111110010001000000011000110110110111101000110100010101110
00010110000101100100000010110011001010010010000011001101111010011110110011100101011100111111010011101111011011101110010100100000101100111010110100100000110011011110111101100100111010011110011001111001001000001100110111101001111011001110010101110011111101001110111101101110111001010010000000110001001000001111010011101111001000000111001101110101011100000111000011101111111100101111010000100000110010001100010011000010101100111010111000100000010101000110100011101001011100110010000011110111111010011110110011101100001000000110001011100101
0001011000010110001000000010000001100100011101011110010100100000111011110110111000100000010101000110100001110101111100100111001101100100011000010111100100101100001000001100111011101111011101101110010101101101011000101110010111110010001000000011000100110100011100111111010010101110
00010110000101100100000011011001111011110111010111110010001000000111000011110010111011110110011111110010011000010110110100100000011100110110100011101111011101011110110001100100001000000110001011100101001000000110010011100101011101101110010111101100111011110111000011100101011001000010000001110101011100111110100101101110011001110010000011000111110011101101010100100000011101101110010111110010011100111110100111101111011011100111001100100000111011111110011000100000111101000110100011100101001000000100001100101111010000111010101110101011
00010110000101100100000000100000111000111110111101101101011100001110100111101100111001011111001010101110001000000100100111110100001000000111001101101000111011110111010111101100011001000010000001100010111001010010000011101100011000010111100111100101111100101110010101100100001011000010000001101101111011110110010001110101111011000110000111110010111010010111101011100101011001000010000001100001011011100110010000100000111101111110010111101100111011000010000011100011111011110110110101101101111001010110111011110100111001010110010010101110
00010110000101100100000000100000010101000110100011100101001000001110011011101111111011001110110011101111111101111110100101101110011001110010000011101001011100110010000001100001001000001111010011100101011011101111010001100001111101001110100101110110111001010010000001101101011000011111001001101011111010010110111001100111001000000111001111100011011010001110010101101101111001010010000001100001011011100110010000100000111101110110100001100001111101000010000011101001011100110010000011100101111110000111000011100101111000111111010011100101
0001011000010110001000110110010000100000111101001110111100100000011010000110000101101110011001001110010101100100001000001110100101101110001000001110011011101111111100100010000011110100011010001110100101110011001000000110000101110011011100111110100101100111011011100110110111100101011011101111010010111010
00010110000101100100000000110001101011100010000001000101111110001111010011100101111100100110111001100001111011000010000011000100111011111110001101110101011011011110010101101110111101000110000111110100111010011110111101101110001000001110100101101110111000111110110001110101011001001110100101101110011001110010000010101000011000010111001100100000011011010110000101101110011110010010000001110000011000010110011111100101011100110010000001101110111001011110001111100101011100110111001101100001111100100111100100100000111101001110111100100000
000101100001011000100111111001100111010111101100111001101110100111101100111011000010000011110100011010001110010100100000111100101110010111110001011101011110100111110010111001010110110111100101011011101111010001110011001000001110110011101001011100111111010011100101011001000010000001100010111001011110110011101111111101111010111000101001
000101100001011000001100101011010010000011110100111010011111010011101100111001010010000001110000011000010110011111100101
000101100001011000010101101011010010000001100001001000001111010001100001011000101110110011100101001000001110111111100110001000001110001111101111011011101111010011100101011011101111010001110011
00010110000101100001110010101101001000000101101100110010101100000010010101011101001000000111001101111001011100111111010011100101011011010010000001100100111011111110001101110101011011011110010101101110111101000110000111110100111010011110111101101110
0001011000010110001011111010110100100000011000010010000001101000111010010110011101101000101011011110110011100101011101101110010111101100001000000110010001100001111101000110000100100000111001101110110011101111111101110010000001100100111010010110000101100111111100100110000101101101001000001110011011101111111100100010000011110100011010001110010100100000011100110111100101110011111101001110010101101101
00010110000101100011000110101101001000000110000100100000011010001110100101100111011010001010110111101100111001010111011011100101111011000010000001100100011000011111010001100001001000001110011011101100111011111111011100100000011001001110100101100001011001111111001001100001011011010010000011100110111011111111001000100000111001010110000111100011011010000010000001110000111100101110111101100111111100100110000101101101
00010110000101100011000110101101001000000110000100100000111011001110100101110011111101000010000011101111111001100010000011110010111011110111010111110100111010010110111011100101011100110010000001100001011011100110010000100000111101000110100011100101111010011111001000100000011000101111001011101001111001011110011000100000011001001110010101110011111000111111001011101001011100001111010011101001111011110110111001110011
000101100001011000011000101011010010000011101001011011010111000011101100111001010110110111100101011011101111010001100001111101001110100111101111011011100010000001100100111001011111010001100001111010011110110001110011
0001011000010110000110101010110100100000010110110011000110110000001001010101110100100000111101001110010101110011111101000010000001100100111011111110001101110101011011011110010101101110111101000110000111110100111010011110111101101110
0001011000010110000111011010110100100000011010001110111111110111001000000111100111101111011101010010000011110100111001010111001111110100111001010110010000100000011110011110111101110101111100100010000001110000111100101110111101100111111100100110000101101101
0001011000010110000100011010110100100000111101001110010101110011111101001110100101101110011001110010000011101111011101011111010001110000011101011111010001110011
0001011000010110000110101010110100100000010110110011000110110000001001010101110100100000011101010111001111100101111100100010000001100100111011111110001101110101011011011110010101101110111101000110000111110100111010011110111101101110
000101100001011000010101101011010010000011110111011010001110010111110010111001010010000011101001011100110010000011110100011010001110010100100000011100111110111101110101111100101110001111100101
000101100001011000011000101011010010000001101000111011111111011100100000111101001110111100100000111100100111010101101110001000001111010001101000111001010010000001110000111100101110111101100111111100100110000101101101
000101100001011000011110101011010010000001100100111001010111001111100011111100101110100101100010111001010010000001110000011000011111001001100001011011011110010111110100111001011111001001110011001000001010100011101001111001100010000001100001011011100111100100101001
0001011000010110000011100011001010101110001000001101001111101111011101011111001011100011111001010010000001000011111011110110010011100101
00010110000101100001001110101101001000000101101110110101101100000010010101011101001000001110001111101111111100101111001011100101111000111111010001101110111001010111001101110011
00010110000101100001100110101101001000000101101100110001101100000010010101011101001000000111000011110010111011110110011111110010011000010110110101101101111010010110111001100111001000000111001111110100011110011110110011100101
00010110000101100000101010101101001000001110110001100001011110011110010111110010111010010110111001100111
000101100001011000001100101011010010000001101101111011110110010001110101111011000110000111110010111010011111010001111001
00010110000101100000110110101101001000001111001011100101011000010110010001100001011000101110100111101100111010011111010001111001
00010110000101100000101010101101001000001110001111101111011011010110110111100101011011101111010001110011
000101100001011000001100101011010010000011100101111001101110011011101001111000111110100111100101011011101110001101111001
00010110000101100100000011001110111011111111010011100101101110100010000011000100111011111110001101110101011011011110010101101110111101000110000111110100111010011110111101101110001000001110011011101111111100100010000001101101111010011110110011100101011100111111010011101111011011101110010101110011001000000111001101101000111011110111010111101100011001000010000011101001011011101110001111101100011101010110010011100101001000000110000100100000111001101110110011101111111101110010000001100100111010010110000101100111111100100110000101101101
000101100001011000111001001000000110000101101110011001000010000001100001001000001110110011101001011100111111010000100000111011111110011000100000011011011110111101100100011101011110110011100101011100110010111111100110011101010110111011100011111101001110100111101111011011100111001100100000011101010111001111100101011001000010000011101001011011100010000011110100011010001110010100100000011000010111000001110000111011001110100111100011011000011111010011101001111011110110111010101110
